date,nav
2019-03-28,1000.0
2019-03-29,1000.0
2019-03-30,1000.0
2019-03-31,1000.0
2019-04-01,1000.0
2019-04-02,1000.0
2019-04-03,1000.0
2019-04-04,1000.0
2019-04-05,1000.0
2019-04-07,1000.0
2019-04-08,1000.0
2019-04-09,1000.0
2019-04-10,1000.0
2019-04-11,1000.0
2019-04-12,1000.0
2019-04-14,1000.0
2019-04-15,1000.0
2019-04-16,1000.0
2019-04-17,1000.0
2019-04-18,1000.0
2019-04-21,1000.0
2019-04-22,1000.0
2019-04-23,1000.0
2019-04-24,1000.0
2019-04-25,1000.0
2019-04-26,1000.0
2019-04-29,1000.0
2019-04-30,1000.0
2019-05-01,1000.0
2019-05-02,1000.0
2019-05-03,1000.0
2019-05-05,1000.0
2019-05-06,1000.0
2019-05-07,1000.0
2019-05-08,1000.0
2019-05-09,1000.0
2019-05-10,1000.0
2019-05-12,1000.0
2019-05-13,1000.0
2019-05-14,1000.0
2019-05-15,1000.0
2019-05-16,1000.0
2019-05-17,1000.0
2019-05-19,1000.0
2019-05-20,1000.0
2019-05-21,1000.0
2019-05-22,1000.0
2019-05-23,1000.0
2019-05-24,1000.0
2019-05-26,1000.0
2019-05-27,1000.0
2019-05-28,1000.0
2019-05-29,1000.0
2019-05-30,1000.0
2019-05-31,1000.0
2019-06-02,1000.0
2019-06-03,1000.0
2019-06-04,1000.0
2019-06-05,1000.0
2019-06-06,1000.0
2019-06-07,1000.0
2019-06-09,1000.0
2019-06-10,1000.0
2019-06-11,1000.0
2019-06-12,1000.0
2019-06-13,1000.0
2019-06-14,1000.0
2019-06-16,1000.0
2019-06-17,1000.0
2019-06-18,1000.0
2019-06-19,1000.0
2019-06-20,1000.0
2019-06-21,1000.0
2019-06-23,1000.0
2019-06-24,1000.0
2019-06-25,1000.0
2019-06-26,1000.0
2019-06-27,1000.0
2019-06-28,1000.0
2019-06-30,1000.0
2019-07-01,1000.0
2019-07-02,1000.0
2019-07-03,1000.0
2019-07-04,1000.0
2019-07-05,1000.0
2019-07-07,1000.0
2019-07-08,1000.0
2019-07-09,1000.0
2019-07-10,1000.0
2019-07-11,1000.0
2019-07-12,1000.0
2019-07-14,1000.0
2019-07-15,1000.0
2019-07-16,1000.0
2019-07-17,1000.0
2019-07-18,1000.0
2019-07-19,1000.0
2019-07-21,1000.0
2019-07-22,1000.0
2019-07-23,1000.0
2019-07-24,1000.0
2019-07-25,1000.0
2019-07-26,1000.0
2019-07-28,1000.0
2019-07-29,1000.0
2019-07-30,1000.0
2019-07-31,1000.0
2019-08-01,1000.0
2019-08-02,1000.0
2019-08-04,1000.0
2019-08-05,1000.0
2019-08-06,1000.0
2019-08-07,1000.0
2019-08-08,1000.0
2019-08-09,1000.0
2019-08-12,1000.0
2019-08-13,1000.0
2019-08-14,1000.0
2019-08-15,1000.0
2019-08-16,1000.0
2019-08-18,1000.0
2019-08-19,1000.0
2019-08-20,1000.0
2019-08-21,1000.0
2019-08-22,1000.0
2019-08-23,1000.0
2019-08-25,1000.0
2019-08-26,1000.0
2019-08-27,1000.0
2019-08-28,1000.0
2019-08-29,1000.0
2019-08-30,1000.0
2019-09-02,1000.0
2019-09-03,1000.0
2019-09-04,1000.0
2019-09-05,1000.0
2019-09-06,1000.0
2019-09-08,1000.0
2019-09-09,1000.0
2019-09-10,1000.0
2019-09-11,1000.0
2019-09-12,1000.0
2019-09-13,1000.0
2019-09-15,1000.0
2019-09-16,1000.0
2019-09-17,1000.0
2019-09-18,1000.0
2019-09-19,1000.0
2019-09-20,1000.0
2019-09-22,1000.0
2019-09-23,1000.0
2019-09-24,1000.0
2019-09-25,1000.0
2019-09-26,1000.0
2019-09-27,1000.0
2019-09-29,1000.0
2019-09-30,1000.0
2019-10-01,1000.0
2019-10-02,1000.0
2019-10-03,1000.0
2019-10-04,1000.0
2019-10-06,1000.0
2019-10-08,1000.0
2019-10-09,1000.0
2019-10-10,1000.0
2019-10-11,1000.0
2019-10-13,1000.0
2019-10-14,1000.0
2019-10-15,1000.0
2019-10-16,1000.0
2019-10-17,1000.0
2019-10-18,1000.0
2019-10-21,1000.0
2019-10-22,1000.0
2019-10-23,1000.0
2019-10-24,1000.0
2019-10-25,1000.0
2019-10-28,1000.0
2019-10-29,1000.0
2019-10-30,1000.0
2019-10-31,1000.0
2019-11-03,1000.0
2019-11-04,1000.0
2019-11-05,1000.0
2019-11-06,1000.0
2019-11-07,1000.0
2019-11-08,1000.0
2019-11-10,1000.0
2019-11-11,1000.0
2019-11-12,1000.0
2019-11-13,1000.0
2019-11-14,1000.0
2019-11-15,1000.0
2019-11-17,1000.0
2019-11-18,1000.0
2019-11-19,1000.0
2019-11-20,1000.0
2019-11-21,1000.0
2019-11-22,1000.0
2019-11-24,1000.0
2019-11-25,1000.0
2019-11-26,1000.0
2019-11-27,1000.0
2019-11-28,1000.0
2019-12-01,1000.0
2019-12-02,1000.0
2019-12-03,1000.0
2019-12-04,1000.0
2019-12-05,1000.0
2019-12-08,1000.0
2019-12-09,1000.0
2019-12-10,1000.0
2019-12-11,1000.0
2019-12-12,1000.0
2019-12-13,1000.0
2019-12-15,1000.0
2019-12-16,1000.0
2019-12-17,1000.0
2019-12-18,1000.0
2019-12-19,1000.0
2019-12-20,1000.0
2019-12-22,1000.0
2019-12-23,1000.0
2019-12-24,1000.0
2019-12-25,1000.0
2019-12-26,1000.0
2019-12-27,1000.0
2019-12-29,1000.0
2019-12-30,1000.0
2019-12-31,1000.0
2020-01-01,1000.0
2020-01-02,1000.0
2020-01-03,1000.0
2020-01-05,1000.0
2020-01-06,1000.0
2020-01-07,1000.0
2020-01-08,1000.0
2020-01-09,1000.0
2020-01-12,1000.0
2020-01-13,1000.0
2020-01-14,1000.0
2020-01-15,1000.0
2020-01-16,1000.0
2020-01-17,1000.0
2020-01-19,1000.0
2020-01-20,1000.0
2020-01-21,1000.0
2020-01-22,1000.0
2020-01-23,1000.0
2020-01-24,1000.0
2020-01-26,1000.0
2020-01-27,1000.0
2020-01-28,1000.0
2020-01-29,1000.0
2020-01-30,1000.0
2020-01-31,1000.0
2020-02-02,1000.0
2020-02-03,1000.0
2020-02-04,1000.0
2020-02-05,1000.0
2020-02-06,1000.0
2020-02-09,1000.0
2020-02-10,1000.0
2020-02-11,1000.0
2020-02-12,1000.0
2020-02-13,1000.0
2020-02-16,1000.0
2020-02-17,1000.0
2020-02-18,1000.0
2020-02-19,1000.0
2020-02-23,1000.0
2020-02-24,1000.0
2020-02-25,1000.0
2020-02-26,1000.0
2020-02-27,1000.0
2020-02-28,1000.0
2020-03-01,1000.0
2020-03-02,1000.0
2020-03-03,1000.0
2020-03-04,1000.0
2020-03-05,1000.0
2020-03-06,1000.0
2020-03-08,1000.0
2020-03-09,1000.0
2020-03-10,1000.0
2020-03-11,1000.0
2020-03-12,1000.0
2020-03-13,1000.0
2020-03-15,1000.0
2020-03-16,1000.0
2020-03-17,1000.0
2020-03-18,1000.0
2020-03-19,1000.0
2020-03-20,1000.0
2020-03-22,1000.0
2020-03-23,1000.0
2020-03-24,1000.0
2020-03-25,1000.0
2020-03-26,1000.0
2020-03-27,1000.0
2020-03-29,1000.0
2020-03-30,1000.0
2020-03-31,1000.0
2020-04-01,1000.0
2020-04-02,1000.0
2020-04-03,1000.0
2020-04-06,1000.0
2020-04-07,1000.0
2020-04-08,1000.0
2020-04-09,1000.0
2020-04-12,1000.0
2020-04-13,1000.0
2020-04-14,1000.0
2020-04-15,1000.0
2020-04-16,1000.0
2020-04-17,1000.0
2020-04-19,1000.0
2020-04-20,1000.0
2020-04-21,1000.0
2020-04-22,1000.0
2020-04-23,1000.0
2020-04-24,1000.0
2020-04-26,1000.0
2020-04-27,1000.0
2020-04-28,1000.0
2020-04-29,1000.0
2020-04-30,1000.0
2020-05-01,1000.0
2020-05-03,1000.0
2020-05-04,1000.0
2020-05-05,1000.0
2020-05-06,1000.0
2020-05-07,1000.0
2020-05-08,1000.0
2020-05-10,1000.0
2020-05-11,1000.0
2020-05-12,1000.0
2020-05-13,1000.0
2020-05-14,1000.0
2020-05-15,1000.0
2020-05-17,1000.0
2020-05-18,1000.0
2020-05-19,1000.0
2020-05-20,1000.0
2020-05-21,1000.0
2020-05-22,1000.0
2020-05-25,1000.0
2020-05-26,1000.0
2020-05-27,1000.0
2020-05-28,1000.0
2020-05-29,1000.0
2020-05-31,1000.0
2020-06-01,1000.0
2020-06-02,1000.0
2020-06-03,1000.0
2020-06-04,1000.0
2020-06-05,1000.0
2020-06-07,1000.0
2020-06-08,1000.0
2020-06-09,1000.0
2020-06-10,1000.0
2020-06-11,1000.0
2020-06-12,1000.0
2020-06-14,1000.0
2020-06-15,1000.0
2020-06-16,1000.0
2020-06-17,1000.0
2020-06-18,1000.0
2020-06-19,1000.0
2020-06-21,1000.0
2020-06-22,1000.0
2020-06-23,1000.0
2020-06-24,1000.0
2020-06-25,1000.0
2020-06-26,1000.0
2020-06-28,1000.0
2020-06-29,1000.0
2020-06-30,1000.0
2020-07-01,1000.0
2020-07-02,1000.0
2020-07-03,1000.0
2020-07-05,1000.0
2020-07-06,1000.0
2020-07-07,1000.0
2020-07-08,1000.0
2020-07-09,1000.0
2020-07-10,1000.0
2020-07-12,1000.0
2020-07-13,1000.0
2020-07-14,1000.0
2020-07-15,1000.0
2020-07-16,1000.0
2020-07-17,1000.0
2020-07-19,1000.0
2020-07-20,1000.0
2020-07-21,1000.0
2020-07-22,1000.0
2020-07-23,1000.0
2020-07-24,1000.0
2020-07-26,1000.0
2020-07-27,1000.0
2020-07-28,1000.0
2020-07-29,1000.0
2020-07-30,1000.0
2020-07-31,1000.0
2020-08-02,1000.0
2020-08-03,1000.0
2020-08-04,1000.0
2020-08-05,1000.0
2020-08-06,1000.0
2020-08-07,1000.0
2020-08-09,1000.0
2020-08-10,1000.0
2020-08-11,1000.0
2020-08-12,1000.0
2020-08-13,1000.0
2020-08-14,1000.0
2020-08-16,1000.0
2020-08-17,1000.0
2020-08-18,1000.0
2020-08-19,1000.0
2020-08-20,1000.0
2020-08-21,1000.0
2020-08-23,1000.0
2020-08-24,1000.0
2020-08-25,1000.0
2020-08-26,1000.0
2020-08-27,1000.0
2020-08-28,1000.0
2020-08-30,1000.0
2020-08-31,1000.0
2020-09-01,1000.0
2020-09-02,1000.0
2020-09-03,1000.0
2020-09-04,1000.0
2020-09-06,1000.0
2020-09-07,1000.0
2020-09-08,1000.0
2020-09-09,1000.0
2020-09-10,1000.0
2020-09-11,1000.0
2020-09-13,1000.0
2020-09-14,1000.0
2020-09-15,1000.0
2020-09-16,1000.0
2020-09-17,1000.0
2020-09-18,1000.0
2020-09-20,1000.0
2020-09-21,1000.0
2020-09-22,1000.0
2020-09-23,1000.0
2020-09-24,1000.0
2020-09-25,1000.0
2020-09-27,1000.0
2020-09-28,1000.0
2020-09-29,1000.0
2020-09-30,1000.0
2020-10-01,1000.0
2020-10-04,1000.0
2020-10-05,1000.0
2020-10-06,1000.0
2020-10-07,1000.0
2020-10-08,1000.0
2020-10-09,1000.0
2020-10-11,1000.0
2020-10-12,1000.0
2020-10-13,1000.0
2020-10-14,1000.0
2020-10-15,1000.0
2020-10-16,1000.0
2020-10-18,1000.0
2020-10-19,1000.0
2020-10-20,1000.0
2020-10-21,1000.0
2020-10-22,1000.0
2020-10-23,1000.0
2020-10-25,1000.0
2020-10-26,1000.0
2020-10-27,1000.0
2020-10-28,1000.0
2020-10-29,1000.0
2020-10-30,1000.0
2020-11-01,1000.0
2020-11-02,1000.0
2020-11-03,1000.0
2020-11-04,1000.0
2020-11-05,1000.0
2020-11-06,1000.0
2020-11-08,1000.0
2020-11-09,1000.0
2020-11-10,1000.0
2020-11-11,1000.0
2020-11-12,1000.0
2020-11-13,1000.0
2020-11-14,1000.0
2020-11-16,1000.0
2020-11-17,1000.0
2020-11-18,1000.0
2020-11-19,1000.0
2020-11-20,1000.0
2020-11-22,1000.0
2020-11-23,1000.0
2020-11-24,1000.0
2020-11-25,1000.0
2020-11-26,1000.0
2020-11-27,1000.0
2020-11-30,1000.0
2020-12-01,1000.0
2020-12-02,1000.0
2020-12-03,1000.0
2020-12-04,1000.0
2020-12-06,1000.0
2020-12-07,1000.0
2020-12-08,1000.0
2020-12-09,1000.0
2020-12-10,1000.0
2020-12-11,1000.0
2020-12-13,1000.0
2020-12-14,1000.0
2020-12-15,1000.0
2020-12-16,1000.0
2020-12-17,1000.0
2020-12-18,1000.0
2020-12-20,1000.0
2020-12-21,1000.0
2020-12-22,1000.0
2020-12-23,1000.0
2020-12-24,1000.0
2020-12-27,1000.0
2020-12-28,1000.0
2020-12-29,1000.0
2020-12-30,1000.0
2020-12-31,1000.0
2021-01-01,1000.0
2021-01-03,1000.0
2021-01-04,1000.0
2021-01-05,1000.0
2021-01-06,1000.0
2021-01-07,1000.0
2021-01-08,1000.0
2021-01-10,1000.0
2021-01-11,1000.0
2021-01-12,1000.0
2021-01-13,1000.0
2021-01-14,1000.0
2021-01-15,1000.0
2021-01-17,1000.0
2021-01-18,1000.0
2021-01-19,1000.0
2021-01-20,1000.0
2021-01-21,1000.0
2021-01-22,1000.0
2021-01-24,1000.0
2021-01-25,1000.0
2021-01-26,1000.0
2021-01-27,1000.0
2021-01-28,1000.0
2021-01-29,1000.0
2021-01-31,1000.0
2021-02-01,1000.0
2021-02-02,1000.0
2021-02-03,1000.0
2021-02-04,1000.0
2021-02-05,1000.0
2021-02-07,1000.0
2021-02-08,1000.0
2021-02-09,1000.0
2021-02-10,1000.0
2021-02-11,1000.0
2021-02-12,1000.0
2021-02-14,1000.0
2021-02-15,1000.0
2021-02-16,1000.0
2021-02-17,1000.0
2021-02-18,1000.0
2021-02-19,1000.0
2021-02-21,1000.0
2021-02-22,1000.0
2021-02-23,1000.0
2021-02-24,1000.0
2021-02-25,1000.0
2021-02-26,1000.0
2021-02-28,1000.0
2021-03-01,1000.0
2021-03-02,1000.0
2021-03-03,1000.0
2021-03-04,1000.0
2021-03-05,1000.0
2021-03-07,1000.0
2021-03-08,1000.0
2021-03-09,1000.0
2021-03-10,1000.0
2021-03-11,1000.0
2021-03-12,1000.0
2021-03-14,1000.0
2021-03-15,1000.0
2021-03-16,1000.0
2021-03-17,1000.0
2021-03-18,1000.0
2021-03-19,1000.0
2021-03-21,1000.0
2021-03-22,1000.0
2021-03-23,1000.0
2021-03-24,1000.0
2021-03-25,1000.0
2021-03-26,1000.0
2021-03-29,1000.0
2021-03-30,1000.0
2021-03-31,1000.0
2021-04-01,1000.0
2021-04-04,1000.0
2021-04-05,1000.0
2021-04-06,1000.0
2021-04-07,1000.0
2021-04-08,1000.0
2021-04-09,1000.0
2021-04-11,1000.0
2021-04-12,1000.0
2021-04-13,1000.0
2021-04-14,1000.0
2021-04-15,1000.0
2021-04-16,1000.0
2021-04-18,1000.0
2021-04-19,1000.0
2021-04-20,1000.0
2021-04-21,1000.0
2021-04-22,1000.0
2021-04-23,1000.0
2021-04-24,1000.0
2021-04-25,1000.0
2021-04-26,1000.0
2021-04-27,1000.0
2021-04-28,1000.0
2021-04-29,1000.0
2021-04-30,1000.0
2021-05-02,1000.0
2021-05-03,1000.0
2021-05-04,1000.0
2021-05-05,1000.0
2021-05-06,1000.0
2021-05-07,1000.0
2021-05-09,1000.0
2021-05-10,1000.0
2021-05-11,1000.0
2021-05-12,1000.0
2021-05-13,1000.0
2021-05-14,1000.0
2021-05-16,1000.0
2021-05-17,1000.0
2021-05-18,1000.0
2021-05-19,1000.0
2021-05-20,1000.0
2021-05-21,1000.0
2021-05-23,1000.0
2021-05-24,1000.0
2021-05-25,1000.0
2021-05-26,1000.0
2021-05-27,1000.0
2021-05-28,1000.0
2021-05-30,1000.0
2021-05-31,1000.0
2021-06-01,1000.0
2021-06-02,1000.0
2021-06-03,1000.0
2021-06-04,1000.0
2021-06-06,1000.0
2021-06-07,1000.0
2021-06-08,1000.0
2021-06-09,1000.0
2021-06-10,1000.0
2021-06-11,1000.0
2021-06-13,1000.0
2021-06-14,1000.0
2021-06-15,1000.0
2021-06-16,1000.0
2021-06-17,1000.0
2021-06-18,1000.0
2021-06-20,1000.0
2021-06-21,1000.0
2021-06-22,1000.0
2021-06-23,1000.0
2021-06-24,1000.0
2021-06-25,1000.0
2021-06-27,1000.0
2021-06-28,1000.0
2021-06-29,1000.0
2021-06-30,1000.0
2021-07-01,1000.0
2021-07-02,1000.0
2021-07-04,1000.0
2021-07-05,1000.0
2021-07-06,1000.0
2021-07-07,1000.0
2021-07-08,1000.0
2021-07-09,1000.0
2021-07-11,1000.0
2021-07-12,1000.0
2021-07-13,1000.0
2021-07-14,1000.0
2021-07-15,1000.0
2021-07-16,1000.0
2021-07-18,1000.0
2021-07-19,1000.0
2021-07-20,1000.0
2021-07-21,1000.0
2021-07-22,1000.0
2021-07-23,1000.0
2021-07-25,1000.0
2021-07-26,1000.0
2021-07-27,1000.0
2021-07-28,1000.0
2021-07-29,1000.0
2021-07-30,1000.0
2021-08-01,1000.0
2021-08-02,1000.0
2021-08-03,1000.0
2021-08-04,1000.0
2021-08-05,1000.0
2021-08-06,1000.0
2021-08-08,1000.0
2021-08-09,1000.0
2021-08-10,1000.0
2021-08-11,1000.0
2021-08-12,1000.0
2021-08-13,1000.0
2021-08-15,1000.0
2021-08-16,1000.0
2021-08-17,1000.0
2021-08-18,1000.0
2021-08-19,1000.0
2021-08-20,1000.0
2021-08-22,1000.0
2021-08-23,1000.0
2021-08-24,1000.0
2021-08-25,1000.0
2021-08-26,1000.0
2021-08-27,1000.0
2021-08-29,1000.0
2021-08-30,1000.0
2021-08-31,1000.0
2021-09-01,1000.0
2021-09-02,1000.0
2021-09-03,1000.0
2021-09-05,1000.0
2021-09-06,1000.0
2021-09-07,1000.0
2021-09-08,1000.0
2021-09-09,1000.0
2021-09-10,1000.0
2021-09-12,1000.0
2021-09-13,1000.0
2021-09-14,1000.0
2021-09-15,1000.0
2021-09-16,1000.0
2021-09-17,1000.0
2021-09-19,1000.0
2021-09-20,1000.0
2021-09-21,1000.0
2021-09-22,1000.0
2021-09-23,1000.0
2021-09-24,1000.0
2021-09-26,1000.0
2021-09-27,1000.0
2021-09-28,1000.0
2021-09-29,1000.0
2021-09-30,1000.0
2021-10-01,1000.0
2021-10-03,1000.0
2021-10-04,1000.0
2021-10-05,1000.0
2021-10-06,1000.0
2021-10-07,1000.0
2021-10-08,1000.0
2021-10-10,1000.0
2021-10-11,1000.0
2021-10-12,1000.0
2021-10-13,1000.0
2021-10-14,1000.0
2021-10-15,1000.0
2021-10-17,1000.0
2021-10-18,1000.0
2021-10-19,1000.0
2021-10-20,1000.0
2021-10-21,1000.0
2021-10-22,1000.0
2021-10-23,1000.0
2021-10-24,1000.0
2021-10-25,1000.0
2021-10-26,1000.0
2021-10-27,1000.0
2021-10-28,1000.0
2021-10-29,1000.0
2021-10-31,1000.0
2021-11-01,1000.0
2021-11-02,1000.0
2021-11-03,1000.0
2021-11-04,1000.0
2021-11-05,1000.0
2021-11-07,1000.0
2021-11-08,1000.0
2021-11-09,1000.0
2021-11-10,1000.0
2021-11-11,1000.0
2021-11-12,1000.0
2021-11-14,1000.0
2021-11-15,1000.0
2021-11-16,1000.0
2021-11-17,1000.0
2021-11-18,1000.0
2021-11-19,1000.0
2021-11-21,1000.0
2021-11-22,1000.0
2021-11-23,1000.0
2021-11-24,1000.0
2021-11-25,1000.0
2021-11-26,1000.0
2021-11-28,1000.0
2021-11-29,1000.0
2021-11-30,1000.0
2021-12-01,1000.0
2021-12-02,1000.0
2021-12-03,1000.0
2021-12-05,1000.0
2021-12-06,1000.0
2021-12-07,1000.0
2021-12-08,1000.0
2021-12-09,1000.0
2021-12-10,1000.0
2021-12-12,1000.0
2021-12-13,1000.0
2021-12-14,1000.0
2021-12-15,1000.0
2021-12-16,1000.0
2021-12-17,1000.0
2021-12-19,1000.0
2021-12-20,1000.0
2021-12-21,1000.0
2021-12-22,1000.0
2021-12-23,1000.0
2021-12-24,1000.0
2021-12-26,1000.0
2021-12-27,1000.0
2021-12-28,1000.0
2021-12-29,1000.0
2021-12-30,1000.0
2021-12-31,1000.0
2022-01-02,1000.0
2022-01-03,1000.0
2022-01-04,1000.0
2022-01-05,1000.0
2022-01-06,1000.0
2022-01-07,1000.0
2022-01-09,1000.0
2022-01-10,1000.0
2022-01-11,1000.0
2022-01-12,1000.0
2022-01-13,1000.0
2022-01-14,1000.0
2022-01-16,1000.0
2022-01-17,1000.0
2022-01-18,1000.0
2022-01-19,1000.0
2022-01-20,1000.0
2022-01-21,1000.0
2022-01-23,1000.0
2022-01-24,1000.0
2022-01-25,1000.0
2022-01-26,1000.0
2022-01-27,1000.0
2022-01-28,1000.0
2022-01-30,1000.0
2022-01-31,1000.0
2022-02-01,1000.0
2022-02-02,1000.0
2022-02-03,1000.0
2022-02-04,1000.0
2022-02-06,1000.0
2022-02-07,1000.0
2022-02-08,1000.0
2022-02-09,1000.0
2022-02-10,1000.0
2022-02-11,1000.0
2022-02-13,1000.0
2022-02-14,1000.0
2022-02-15,1000.0
2022-02-16,1000.0
2022-02-17,1000.0
2022-02-18,1000.0
2022-02-20,1000.0
2022-02-21,1000.0
2022-02-22,1000.0
2022-02-23,1000.0
2022-02-24,1000.0
2022-02-25,1000.0
2022-02-27,1000.0
2022-02-28,1000.0
2022-03-01,1000.0
2022-03-02,1000.0
2022-03-03,1000.0
2022-03-04,1000.0
2022-03-06,1000.0
2022-03-07,1000.0
2022-03-08,1000.0
2022-03-09,1000.0
2022-03-10,1000.0
2022-03-11,1000.0
2022-03-13,1000.0
2022-03-14,1000.0
2022-03-15,1000.0
2022-03-16,1000.0
2022-03-17,1000.0
2022-03-18,1000.0
2022-03-20,1000.0
2022-03-21,1000.0
2022-03-22,1000.0
2022-03-23,1000.0
2022-03-24,1000.0
2022-03-25,1000.0
2022-03-27,1000.0
2022-03-28,1000.0
2022-03-29,1000.0
2022-03-30,1000.0
2022-03-31,1000.0
2022-04-03,1000.0
2022-04-04,1000.0
2022-04-05,1000.0
2022-04-06,1000.0
2022-04-07,1000.0
2022-04-08,1000.0
2022-04-10,1000.0
2022-04-11,1000.0
2022-04-12,1000.0
2022-04-13,1000.0
2022-04-14,1000.0
2022-04-17,1000.0
2022-04-18,1000.0
2022-04-19,1000.0
2022-04-20,1000.0
2022-04-21,1000.0
2022-04-22,1000.0
2022-04-24,1000.0
2022-04-25,1000.0
2022-04-26,1000.0
2022-04-27,1000.0
2022-04-28,1000.0
2022-04-29,1000.0
2022-05-01,1000.0
2022-05-02,1000.0
2022-05-03,1000.0
2022-05-04,1000.0
2022-05-05,1000.0
2022-05-06,1000.0
2022-05-08,1000.0
2022-05-09,1000.0
2022-05-10,1000.0
2022-05-11,1000.0
2022-05-12,1000.0
2022-05-13,1000.0
2022-05-15,1000.0
2022-05-16,1000.0
2022-05-17,1000.0
2022-05-18,1000.0
2022-05-19,1000.0
2022-05-20,1000.0
2022-05-22,1000.0
2022-05-23,1000.0
2022-05-24,1000.0
2022-05-25,1000.0
2022-05-26,1000.0
2022-05-27,1000.0
2022-05-29,1000.0
2022-05-30,1000.0
2022-05-31,1000.0
2022-06-01,1000.0
2022-06-02,1000.0
2022-06-03,1000.0
2022-06-05,1000.0
2022-06-06,1000.0
2022-06-07,1000.0
2022-06-08,1000.0
2022-06-09,1000.0
2022-06-10,1000.0
2022-06-12,1000.0
2022-06-13,1000.0
2022-06-14,1000.0
2022-06-15,1000.0
2022-06-16,1000.0
2022-06-17,1000.0
2022-06-19,1000.0
2022-06-20,1000.0
2022-06-21,1000.0
2022-06-22,1000.0
2022-06-23,1000.0
2022-06-24,1000.0
2022-06-26,1000.0
2022-06-27,1000.0
2022-06-28,1000.0
2022-06-29,1000.0
2022-06-30,1000.0
2022-07-01,1000.0
2022-07-03,1000.0
2022-07-04,1000.0
2022-07-05,1000.0
2022-07-06,1000.0
2022-07-07,1000.0
2022-07-08,1000.0
2022-07-10,1000.0
2022-07-11,1000.0
2022-07-12,1000.0
2022-07-13,1000.0
2022-07-14,1000.0
2022-07-15,1000.0
2022-07-17,1000.0
2022-07-18,1000.0
2022-07-19,1000.0
2022-07-20,1000.0
2022-07-21,1000.0
2022-07-22,1000.0
2022-07-24,1000.0
2022-07-25,1000.0
2022-07-26,1000.0
2022-07-27,1000.0
2022-07-28,1000.0
2022-07-29,1000.0
2022-07-31,1000.0
2022-08-01,1000.0
2022-08-02,1000.0
2022-08-03,1000.0
2022-08-04,1000.0
2022-08-05,1000.0
2022-08-07,1000.0
2022-08-08,1000.0
2022-08-09,1000.0
2022-08-10,1000.0
2022-08-11,1000.0
2022-08-12,1000.0
2022-08-15,1000.0
2022-08-16,1000.0
2022-08-17,1000.0
2022-08-18,1000.0
2022-08-19,1000.0
2022-08-21,1000.0
2022-08-22,1000.0
2022-08-23,1000.0
2022-08-24,1000.0
2022-08-25,1000.0
2022-08-26,1000.0
2022-08-28,1000.0
2022-08-29,1000.0
2022-08-30,1000.0
2022-08-31,1000.0
2022-09-01,1000.0
2022-09-02,1000.0
2022-09-04,1000.0
2022-09-05,1000.0
2022-09-06,1000.0
2022-09-07,1000.0
2022-09-08,1000.0
2022-09-09,1000.0
2022-09-11,1000.0
2022-09-12,1000.0
2022-09-13,1000.0
2022-09-14,1000.0
2022-09-15,1000.0
2022-09-16,1000.0
2022-09-18,1000.0
2022-09-19,1000.0
2022-09-20,1000.0
2022-09-21,1000.0
2022-09-22,1000.0
2022-09-23,1000.0
2022-09-24,1000.0
2022-09-25,1000.0
2022-09-26,1000.0
2022-09-27,1000.0
2022-09-28,1000.0
2022-09-29,1000.0
2022-09-30,1000.0
2022-10-02,1000.0
2022-10-03,1000.0
2022-10-04,1000.0
2022-10-05,1000.0
2022-10-06,1000.0
2022-10-07,1000.0
2022-10-09,1000.0
2022-10-10,1000.0
2022-10-11,1000.0
2022-10-12,1000.0
2022-10-13,1000.0
2022-10-14,1000.0
2022-10-16,1000.0
2022-10-17,1000.0
2022-10-18,1000.0
2022-10-19,1000.0
2022-10-20,1000.0
2022-10-21,1000.0
2022-10-24,1000.0
2022-10-25,1000.0
2022-10-26,1000.0
2022-10-27,1000.0
2022-10-28,1000.0
2022-10-30,1000.0
2022-10-31,1000.0
2022-11-01,1000.0
2022-11-02,1000.0
2022-11-03,1000.0
2022-11-04,1000.0
2022-11-06,1000.0
2022-11-07,1000.0
2022-11-08,1000.0
2022-11-09,1000.0
2022-11-10,1000.0
2022-11-11,1000.0
2022-11-13,1000.0
2022-11-14,1000.0
2022-11-15,1000.0
2022-11-16,1000.0
2022-11-17,1000.0
2022-11-18,1000.0
2022-11-20,1000.0
2022-11-21,1000.0
2022-11-22,1000.0
2022-11-23,1000.0
2022-11-24,1000.0
2022-11-25,1000.0
2022-11-27,1000.0
2022-11-28,1000.0
2022-11-29,1000.0
2022-11-30,1000.0
2022-12-01,1000.0
2022-12-02,1000.0
2022-12-04,1000.0
2022-12-05,1000.0
2022-12-06,1000.0
2022-12-07,1000.0
2022-12-08,1000.0
2022-12-09,1000.0
2022-12-11,1000.0
2022-12-12,1000.0
2022-12-13,1000.0
2022-12-14,1000.0
2022-12-15,1000.0
2022-12-16,1000.0
2022-12-18,1000.0
2022-12-19,1000.0
2022-12-20,1000.0
2022-12-21,1000.0
2022-12-22,1000.0
2022-12-23,1000.0
2022-12-25,1000.0
2022-12-26,1000.0
2022-12-27,1000.0
2022-12-28,1000.0
2022-12-29,1000.0
2022-12-30,1000.0
2023-01-01,1000.0
2023-01-02,1000.0
2023-01-03,1000.0
2023-01-04,1000.0
2023-01-05,1000.0
2023-01-06,1000.0
2023-01-08,1000.0
2023-01-09,1000.0
2023-01-10,1000.0
2023-01-11,1000.0
2023-01-12,1000.0
2023-01-13,1000.0
2023-01-15,1000.0
2023-01-16,1000.0
2023-01-17,1000.0
2023-01-18,1000.0
2023-01-19,1000.0
2023-01-20,1000.0
2023-01-22,1000.0
2023-01-23,1000.0
2023-01-24,1000.0
2023-01-25,1000.0
2023-01-26,1000.0
2023-01-27,1000.0
2023-01-29,1000.0
2023-01-30,1000.0
2023-01-31,1000.0
2023-02-01,1000.0
2023-02-02,1000.0
2023-02-03,1000.0
2023-02-05,1000.0
2023-02-06,1000.0
2023-02-07,1000.0
2023-02-08,1000.0
2023-02-09,1000.0
2023-02-10,1000.0
2023-02-12,1000.0
2023-02-13,1000.0
2023-02-14,1000.0
2023-02-15,1000.0
2023-02-16,1000.0
2023-02-17,1000.0
2023-02-19,1000.0
2023-02-20,1000.0
2023-02-21,1000.0
2023-02-22,1000.0
2023-02-23,1000.0
2023-02-24,1000.0
2023-02-26,1000.0
2023-02-27,1000.0
2023-02-28,1000.0
2023-03-01,1000.0
2023-03-02,1000.0
2023-03-03,1000.0
2023-03-05,1000.0
2023-03-06,1000.0
2023-03-07,1000.0
2023-03-08,1000.0
2023-03-09,1000.0
2023-03-10,1000.0
2023-03-12,1000.0
2023-03-13,1000.0
2023-03-14,1000.0
2023-03-15,1000.0
2023-03-16,1000.0
2023-03-17,1000.0
2023-03-19,1000.0
2023-03-20,1000.0
2023-03-21,1000.0
2023-03-22,1000.0
2023-03-23,1000.0
2023-03-24,1000.0
2023-03-26,1000.0
2023-03-27,1000.0
2023-03-28,1000.0
2023-03-29,1000.0
2023-03-30,1000.0
2023-03-31,1000.0
2023-04-02,1000.0
2023-04-03,1000.0
2023-04-04,1000.0
2023-04-05,1000.0
2023-04-06,1000.0
2023-04-09,1000.0
2023-04-10,1000.0
2023-04-11,1000.0
2023-04-12,1000.0
2023-04-13,1000.0
2023-04-16,1000.0
2023-04-17,1000.0
2023-04-18,1000.0
2023-04-19,1000.0
2023-04-20,1000.0
2023-04-21,1000.0
2023-04-23,1000.0
2023-04-24,1000.0
2023-04-25,1000.0
2023-04-26,1000.0
2023-04-27,1000.0
2023-04-28,1000.0
2023-05-01,1000.0
2023-05-02,1000.0
2023-05-03,1000.0
2023-05-04,1000.0
2023-05-05,1000.0
2023-05-07,1000.0
2023-05-08,1000.0
2023-05-09,1000.0
2023-05-10,1000.0
2023-05-11,1000.0
2023-05-12,1000.0
2023-05-14,1000.0
2023-05-15,1000.0
2023-05-16,1000.0
2023-05-17,1000.0
2023-05-18,1000.0
2023-05-19,1000.0
2023-05-21,1000.0
2023-05-22,1000.0
2023-05-23,1000.0
2023-05-24,1000.0
2023-05-25,1000.0
2023-05-26,1000.0
2023-05-28,1000.0
2023-05-29,1000.0
2023-05-30,1000.0
2023-05-31,1000.0
2023-06-01,1000.0
2023-06-02,1000.0
2023-06-04,1000.0
2023-06-05,1000.0
2023-06-06,1000.0
2023-06-07,1000.0
2023-06-08,1000.0
2023-06-09,1000.0
2023-06-11,1000.0
2023-06-12,1000.0
2023-06-13,1000.0
2023-06-14,1000.0
2023-06-15,1000.0
2023-06-16,1000.0
2023-06-18,1000.0
2023-06-19,1000.0
2023-06-20,1000.0
2023-06-21,1000.0
2023-06-22,1000.0
2023-06-23,1000.0
2023-06-25,1000.0
2023-06-26,1000.0
2023-06-27,1000.0
2023-06-28,1000.0
2023-06-29,1000.0
2023-06-30,1000.0
2023-07-02,1000.0
2023-07-03,1000.0
2023-07-04,1000.0
2023-07-05,1000.0
2023-07-06,1000.0
2023-07-07,1000.0
2023-07-09,1000.0
2023-07-10,1000.0
2023-07-11,1000.0
2023-07-12,1000.0
2023-07-13,1000.0
2023-07-14,1000.0
2023-07-16,1000.0
2023-07-17,1000.0
2023-07-18,1000.0
2023-07-19,1000.0
2023-07-20,1000.0
2023-07-21,1000.0
2023-07-23,1000.0
2023-07-24,1000.0
2023-07-25,1000.0
2023-07-26,1000.0
2023-07-27,1000.0
2023-07-28,1000.0
2023-07-30,1000.0
2023-07-31,1000.0
2023-08-01,1000.0
2023-08-02,1000.0
2023-08-03,1000.0009
2023-08-04,1000.0002
2023-08-06,1000.0
2023-08-07,1000.0
2023-08-08,1000.0
2023-08-09,1000.0
2023-08-10,1000.0
2023-08-11,1000.0
2023-08-13,1000.0
2023-08-14,1000.0
2023-08-15,1000.0
2023-08-16,1000.0
2023-08-17,1000.0
2023-08-18,1000.0
2023-08-20,1000.0
2023-08-21,1000.0
2023-08-22,1000.0
2023-08-23,1000.0
2023-08-24,1000.0002
2023-08-25,1000.0
2023-08-27,1000.0
2023-08-28,1000.0
2023-08-29,1000.0
2023-08-30,1000.0
2023-08-31,1000.0015
2023-09-01,1000.0006
2023-09-03,1000.0009
2023-09-04,1000.0009
2023-09-05,1000.0015
2023-09-06,1000.0012
2023-09-07,1000.0004
2023-09-08,1000.0
2023-09-10,1000.0
2023-09-11,1000.0001
2023-09-12,1000.0
2023-09-13,1000.0
2023-09-14,1000.0
2023-09-15,1000.0
2023-09-17,1000.0
2023-09-18,1000.0
2023-09-19,1000.0
2023-09-20,1000.0
2023-09-21,1000.0
2023-09-22,1000.0
2023-09-24,1000.0
2023-09-25,1000.0
2023-09-26,1000.0
2023-09-27,1000.0
2023-09-28,1000.0
2023-09-29,1000.0034
2023-10-02,1000.0027
2023-10-03,1000.0025
2023-10-04,1000.0025
2023-10-05,1000.0021
2023-10-06,1000.0019
2023-10-08,1000.0016
2023-10-09,1000.0016
2023-10-10,1000.0013
2023-10-11,1000.0012
2023-10-12,1000.0011
2023-10-13,1000.0009
2023-10-15,1000.0007
2023-10-16,1000.0001
2023-10-17,1000.0004
2023-10-18,1000.0003
2023-10-19,1000.0
2023-10-20,1000.0
2023-10-22,1000.0
2023-10-23,1000.0
2023-10-24,1000.0
2023-10-25,1000.0
2023-10-26,1000.0
2023-10-27,1000.0
2023-10-29,1000.0
2023-10-30,1000.0
2023-10-31,1000.0
2023-11-01,1000.0
2023-11-02,1000.0001
2023-11-03,1000.0
2023-11-05,1000.0
2023-11-06,1000.0
2023-11-07,1000.0
2023-11-08,1000.0
2023-11-09,1000.0
2023-11-10,1000.0
2023-11-12,1000.0
2023-11-13,1000.0
2023-11-14,1000.0
2023-11-15,1000.0
2023-11-16,1000.0
2023-11-17,1000.0
2023-11-19,1000.0
2023-11-20,1000.0
2023-11-21,1000.0
2023-11-22,1000.0
2023-11-23,1000.0
2023-11-24,1000.0
2023-11-27,1000.0
2023-11-28,1000.0
2023-11-29,1000.0
2023-11-30,1000.0002
2023-12-01,1000.0
2023-12-03,1000.0
2023-12-04,1000.0
2023-12-05,1000.0
2023-12-06,1000.0002
2023-12-07,1000.0002
2023-12-08,1000.0005
2023-12-10,1000.0004
2023-12-11,1000.0002
2023-12-12,1000.0002
2023-12-13,1000.0005
2023-12-14,1000.0
2023-12-15,1000.0
2023-12-17,1000.0
2023-12-18,1000.0005
2023-12-19,1000.0
2023-12-20,1000.0
2023-12-21,1000.0001
2023-12-22,1000.0
2023-12-25,1000.0
2023-12-26,1000.0
2023-12-27,1000.0
2023-12-28,1000.0004
2023-12-29,1000.0025
2023-12-30,1000.0023
2023-12-31,1000.0021
2024-01-01,1000.0015
2024-01-02,1000.0013
2024-01-03,1000.0015
2024-01-04,1000.0013
2024-01-05,1000.0014
2024-01-07,1000.0012
2024-01-08,1000.001
2024-01-09,1000.0008
2024-01-10,1000.0007
2024-01-11,1000.0008
2024-01-12,1000.0005
2024-01-14,1000.0003
2024-01-15,1000.0004
2024-01-16,1000.0004
2024-01-17,1000.0002
2024-01-18,1000.0007
2024-01-19,1000.0001
2024-01-21,1000.0
2024-01-22,1000.0
2024-01-23,1000.0
2024-01-24,1000.0
2024-01-25,1000.0
2024-01-28,1000.0
2024-01-29,1000.0004
2024-01-30,1000.0003
2024-01-31,1000.0005
2024-02-01,1000.0011
2024-02-02,1000.0028
2024-02-04,1000.0021
2024-02-05,1000.0041
2024-02-06,1000.0023
2024-02-07,1000.0023
2024-02-08,1000.0021
2024-02-09,1000.0021
2024-02-11,1000.0017
2024-02-12,1000.0002
2024-02-13,1000.0003
2024-02-14,1000.0
2024-02-15,1000.0
2024-02-16,1000.0005
2024-02-18,1000.0002
2024-02-19,1000.0003
2024-02-20,1000.0003
2024-02-21,1000.0004
2024-02-22,1000.0006
2024-02-23,1000.0002
2024-02-25,1000.0002
2024-02-26,1000.0
2024-02-27,1000.0001
2024-02-28,1000.0002
2024-02-29,1000.0003
2024-03-01,1000.0003
2024-03-03,1000.0002
2024-03-04,1000.0
2024-03-05,1000.0
2024-03-06,1000.0
2024-03-07,1000.0
2024-03-10,1000.0
2024-03-11,1000.0
2024-03-12,1000.0
2024-03-13,1000.0002
2024-03-14,1000.0
2024-03-15,1000.0
2024-03-17,1000.0002
2024-03-18,1000.0004
2024-03-19,1000.0
2024-03-20,1000.0
2024-03-21,1000.0
2024-03-22,1000.0
2024-03-25,1000.0
2024-03-26,1000.0
2024-03-27,1000.0
2024-03-28,1000.0236
2024-03-30,1000.0212
2024-03-31,1000.02
2024-04-01,1000.0189
2024-04-02,1000.0105
2024-04-03,1000.0069
2024-04-04,1000.0077
2024-04-05,1000.0091
2024-04-07,1000.0074
2024-04-08,1000.0062
2024-04-09,1000.0055
2024-04-10,1000.0053
2024-04-11,1000.0049
2024-04-12,1000.0042
2024-04-14,1000.0034
2024-04-15,1000.0041
2024-04-16,1000.0035
2024-04-17,1000.0031
2024-04-18,1000.0024
2024-04-19,1000.002
2024-04-21,1000.0012
2024-04-22,1000.0001
2024-04-23,1000.0
2024-04-24,1000.0
2024-04-25,1000.0
2024-04-26,1000.0
2024-04-28,1000.0
2024-04-29,1000.0
2024-04-30,1000.0006
2024-05-01,1000.0006
2024-05-02,1000.0008
2024-05-03,1000.0
2024-05-05,1000.0001
2024-05-06,1000.0002
2024-05-07,1000.0001
2024-05-08,1000.0002
2024-05-09,1000.0
2024-05-10,1000.0
2024-05-12,1000.0
2024-05-13,1000.0
2024-05-14,1000.0
2024-05-15,1000.0009
2024-05-16,1000.0014
2024-05-17,1000.0003
2024-05-18,1000.0002
2024-05-20,1000.0003
2024-05-21,1000.0021
2024-05-22,1000.0007
2024-05-23,1000.0006
2024-05-24,1000.0006
2024-05-26,1000.001
2024-05-27,1000.0004
2024-05-28,1000.0007
2024-05-29,1000.0006
2024-05-30,1000.0022
2024-05-31,1000.0016
2024-06-02,1000.0016
2024-06-03,1000.0025
2024-06-04,1000.0025
2024-06-05,1000.0022
2024-06-06,1000.0024
2024-06-07,1000.0025
2024-06-09,1000.0028
2024-06-10,1000.0028
2024-06-11,1000.0027
2024-06-12,1000.0028
2024-06-13,1000.003
2024-06-14,1000.0036
2024-06-15,1000.0037
2024-06-17,1000.004
2024-06-18,1000.0032
2024-06-19,1000.0044
2024-06-20,1000.0048
2024-06-21,1000.0047
2024-06-23,1000.0048
2024-06-24,1000.0019
2024-06-25,1000.0022
2024-06-26,1000.0018
2024-06-27,1000.0
2024-06-28,1000.005
2024-06-30,1000.0044
2024-07-01,1000.0028
2024-07-02,1000.0015
2024-07-03,1000.002
2024-07-04,1000.0018
2024-07-05,1000.0013
2024-07-07,1000.0011
2024-07-08,1000.0007
2024-07-09,1000.0009
2024-07-10,1000.0013
2024-07-11,1000.0018
2024-07-12,1000.0019
2024-07-14,1000.0015
2024-07-15,1000.0008
2024-07-16,1000.0009
2024-07-17,1000.0008
2024-07-18,1000.0009
2024-07-19,1000.0008
2024-07-21,1000.0005
2024-07-22,1000.0003
2024-07-23,1000.0001
2024-07-24,1000.0
2024-07-25,1000.0002
2024-07-26,1000.0004
2024-07-28,1000.0003
2024-07-29,1000.0002
2024-07-30,1000.0
2024-07-31,1000.0005
2024-08-01,1000.0003
2024-08-02,1000.0011
2024-08-04,1000.0008
2024-08-05,1000.0016
2024-08-06,1000.0002
2024-08-07,1000.0011
2024-08-08,1000.0008
2024-08-09,1000.0007
2024-08-11,1000.0005
2024-08-12,1000.0006
2024-08-13,1000.0003
2024-08-14,1000.0
2024-08-15,1000.0003
2024-08-16,1000.0005
2024-08-18,1000.0003
2024-08-19,1000.0
2024-08-20,1000.0002
2024-08-21,1000.0
2024-08-22,1000.0
2024-08-23,1000.0003
2024-08-25,1000.0002
2024-08-26,1000.0
2024-08-27,1000.0
2024-08-28,1000.0
2024-08-29,1000.0
2024-08-30,1000.0
2024-09-01,1000.0
2024-09-02,1000.0
2024-09-03,1000.0005
2024-09-04,1000.0005
2024-09-05,1000.0006
2024-09-06,1000.0
2024-09-08,1000.0
2024-09-09,1000.0001
2024-09-10,1000.0
2024-09-11,1000.0
2024-09-12,1000.0
2024-09-13,1000.0
2024-09-15,1000.0
2024-09-16,1000.0
2024-09-17,1000.0001
2024-09-18,1000.0001
2024-09-19,1000.0002
2024-09-20,1000.0002
2024-09-22,1000.0
2024-09-23,1000.0
2024-09-24,1000.0
2024-09-25,1000.0
2024-09-26,1000.0001
2024-09-27,1000.0
2024-09-29,1000.0
2024-09-30,1000.0005
2024-10-01,1000.0002
2024-10-02,1000.0002
2024-10-03,1000.0002
2024-10-04,1000.0002
2024-10-06,1000.0002
2024-10-07,1000.0004
2024-10-08,1000.0003
2024-10-09,1000.0005
2024-10-10,1000.0001
2024-10-11,1000.0004
2024-10-13,1000.0004
2024-10-14,1000.0002
2024-10-15,1000.0
2024-10-16,1000.0
2024-10-17,1000.0
2024-10-18,1000.0
2024-10-20,1000.0
2024-10-21,1000.0
2024-10-22,1000.0
2024-10-23,1000.0
2024-10-24,1000.0
2024-10-25,1000.0
2024-10-27,1000.0
2024-10-28,1000.0
2024-10-29,1000.0
2024-10-30,1000.0006
2024-10-31,1000.0003
2024-11-03,1000.0002
2024-11-04,1000.0003
2024-11-05,1000.0015
2024-11-06,1000.0009
2024-11-07,1000.001
2024-11-08,1000.0014
2024-11-10,1000.0012
2024-11-11,1000.0008
2024-11-12,1000.001
2024-11-13,1000.0004
2024-11-14,1000.0009
2024-11-15,1000.0008
2024-11-17,1000.0006
2024-11-18,1000.0005
2024-11-19,1000.0006
2024-11-20,1000.0005
2024-11-21,1000.0001
2024-11-22,1000.0
2024-11-23,1000.0
2024-11-24,1000.0
2024-11-25,1000.0
2024-11-26,1000.0
2024-11-27,1000.0
2024-11-28,1000.0
2024-11-29,1000.0
2024-12-01,1000.0
2024-12-02,1000.0006
2024-12-03,1000.0003
2024-12-04,1000.0003
2024-12-05,1000.0003
2024-12-06,1000.0003
2024-12-08,1000.0001
2024-12-09,1000.0
2024-12-10,1000.0
2024-12-11,1000.0
2024-12-12,1000.0
2024-12-13,1000.0
2024-12-14,1000.0
2024-12-15,1000.0
2024-12-16,1000.0
2024-12-17,1000.0
2024-12-18,1000.0
2024-12-19,1000.0
2024-12-20,1000.0
2024-12-22,1000.0
2024-12-23,1000.0
2024-12-24,1000.0
2024-12-25,1000.0
2024-12-26,1000.0
2024-12-27,1000.0
2024-12-29,1000.0
2024-12-30,1000.0
2024-12-31,1000.0018
2025-01-01,1000.0012
2025-01-02,1000.0012
2025-01-03,1000.0006
2025-01-05,1000.0005
2025-01-06,1000.0005
2025-01-07,1000.0004
2025-01-08,1000.001
2025-01-09,1000.0001
2025-01-10,1000.0
2025-01-12,1000.0
2025-01-13,1000.0
2025-01-14,1000.0
2025-01-15,1000.001
2025-01-16,1000.0015
2025-01-17,1000.0015
2025-01-19,1000.0013
2025-01-20,1000.001
2025-01-21,1000.0009
2025-01-22,1000.0007
2025-01-23,1000.0004
2025-01-24,1000.0006
2025-01-26,1000.0004
2025-01-27,1000.0004
2025-01-28,1000.0004
2025-01-29,1000.0006
2025-01-30,1000.0004
2025-01-31,1000.0012
2025-02-02,1000.0008
2025-02-03,1000.0012
2025-02-04,1000.001
2025-02-05,1000.0015
2025-02-06,1000.0014
2025-02-07,1000.001
2025-02-09,1000.0007
2025-02-10,1000.0006
2025-02-11,1000.0005
2025-02-12,1000.0003
2025-02-13,1000.0002
2025-02-14,1000.0003
2025-02-16,1000.0002
2025-02-17,1000.0
2025-02-18,1000.0001
2025-02-19,1000.0
2025-02-20,1000.0
2025-02-21,1000.0
2025-02-23,1000.0
2025-02-24,1000.0
2025-02-25,1000.0002
2025-02-26,1000.0002
2025-02-27,1000.0
2025-02-28,1000.0
2025-03-02,1000.0
2025-03-03,1000.0003
2025-03-04,1000.0011
2025-03-05,1000.0009
2025-03-06,1000.0018
2025-03-07,1000.001
2025-03-09,1000.0008
2025-03-10,1000.0006
2025-03-11,1000.0007
2025-03-12,1000.0001
2025-03-13,1000.0014
2025-03-14,1000.0013
2025-03-16,1000.0012
2025-03-17,1000.0008
2025-03-18,1000.0
2025-03-19,1000.0
2025-03-20,1000.0006
2025-03-21,1000.0008
2025-03-23,1000.0007
2025-03-24,1000.0
2025-03-25,1000.0
2025-03-26,1000.0
2025-03-27,1000.0007
2025-03-28,1000.0192
2025-03-29,1000.0181
2025-03-30,1000.0173
2025-03-31,1000.0162
2025-04-01,1000.0152
2025-04-02,1000.0113
2025-04-03,1000.0126
2025-04-04,1000.0122
2025-04-06,1000.0104
2025-04-07,1000.0137
2025-04-08,1000.0074
2025-04-09,1000.0075
2025-04-10,1000.0068
2025-04-11,1000.0062
2025-04-14,1000.0041
2025-04-15,1000.0038
2025-04-16,1000.0041
2025-04-17,1000.0022
2025-04-19,1000.0012
2025-04-20,1000.0008
2025-04-21,1000.0009
2025-04-22,1000.0
2025-04-23,1000.0
2025-04-24,1000.0
2025-04-25,1000.0
2025-04-27,1000.0
2025-04-28,1000.0
2025-04-29,1000.0
2025-04-30,1000.0
2025-05-01,1000.0
2025-05-02,1000.0
2025-05-04,1000.0
2025-05-05,1000.0
2025-05-06,1000.0
2025-05-07,1000.0
2025-05-08,1000.0
2025-05-09,1000.0
2025-05-11,1000.0
2025-05-12,1000.0
2025-05-13,1000.0
2025-05-14,1000.0005
2025-05-15,1000.0002
2025-05-16,1000.0009
2025-05-18,1000.0008
2025-05-19,1000.0004
2025-05-20,1000.0004
2025-05-21,1000.0
2025-05-22,1000.0014
2025-05-23,1000.0023
2025-05-25,1000.002
2025-05-26,1000.002
2025-05-27,1000.0001
2025-05-28,1000.0006
2025-05-29,1000.0001
2025-05-30,1000.0014
2025-06-01,1000.0012
2025-06-02,1000.0011
2025-06-03,1000.0001
2025-06-04,1000.0012
2025-06-05,1000.0012
2025-06-06,1000.0019
2025-06-08,1000.0012
2025-06-09,1000.0009
2025-06-10,1000.0004
2025-06-11,1000.0
2025-06-12,1000.0
2025-06-13,1000.0002
2025-06-15,1000.0001
2025-06-16,1000.0
2025-06-17,1000.0
2025-06-18,1000.0001
2025-06-19,1000.0001
2025-06-20,1000.0004
2025-06-22,1000.0002
2025-06-23,1000.0003
2025-06-24,1000.0001
2025-06-25,1000.0
2025-06-26,1000.0
2025-06-27,1000.0
2025-06-29,1000.0
2025-06-30,1000.0007
2025-07-01,1000.0015
2025-07-02,1000.0019
2025-07-03,1000.0013
2025-07-04,1000.0021
2025-07-06,1000.0018
2025-07-07,1000.0016
2025-07-08,1000.001
2025-07-09,1000.0
2025-07-10,1000.0
2025-07-11,1000.0
2025-07-13,1000.0
2025-07-14,1000.0001
2025-07-15,1000.0
2025-07-16,1000.0
2025-07-17,1000.0
2025-07-18,1000.0
2025-07-20,1000.0
2025-07-21,1000.0
2025-07-22,1000.0
2025-07-23,1000.0
2025-07-24,1000.0
2025-07-25,1000.0001
2025-07-27,1000.0
2025-07-28,1000.0
2025-07-29,1000.0
2025-07-30,1000.0
2025-07-31,1000.0003
2025-08-01,1000.0002
2025-08-03,1000.0001
2025-08-04,1000.0
2025-08-05,1000.0
2025-08-06,1000.0
2025-08-07,1000.0
2025-08-08,1000.0
2025-08-10,1000.0
2025-08-11,1000.0
2025-08-12,1000.0
2025-08-13,1000.0
2025-08-14,1000.0006
2025-08-17,1000.0005
2025-08-18,1000.0009
2025-08-19,1000.0
2025-08-20,1000.0002
2025-08-21,1000.0
2025-08-22,1000.0
2025-08-24,1000.0
2025-08-25,1000.0
2025-08-26,1000.0
2025-08-27,1000.0
2025-08-28,1000.0
2025-08-29,1000.0
2025-08-31,1000.0
2025-09-01,1000.0001
2025-09-02,1000.0
2025-09-03,1000.0
2025-09-04,1000.0003
2025-09-05,1000.0024
2025-09-07,1000.0
2025-09-08,1000.0
2025-09-09,1000.0
2025-09-10,1000.0
2025-09-11,1000.0
2025-09-12,1000.0
2025-09-14,1000.0
2025-09-15,1000.0
2025-09-16,1000.0002
2025-09-17,1000.0001
2025-09-18,1000.0004
2025-09-19,1000.0001
2025-09-21,1000.0
2025-09-22,1000.0
2025-09-23,1000.0
2025-09-24,1000.0
2025-09-25,1000.0002
2025-09-26,1000.0
2025-09-28,1000.0
2025-09-30,1000.0008
2025-10-01,1000.0005
2025-10-02,1000.0005
2025-10-03,1000.0004
2025-10-05,1000.0003
2025-10-06,1000.0003
2025-10-07,1000.0003
2025-10-08,1000.0002
2025-10-09,1000.0001
2025-10-10,1000.0
2025-10-12,1000.0001
2025-10-13,1000.0
2025-10-14,1000.0
2025-10-15,1000.0
2025-10-16,1000.0
2025-10-17,1000.0
2025-10-19,1000.0
2025-10-20,1000.0
2025-10-21,1000.0
2025-10-22,1000.0
2025-10-23,1000.0
2025-10-24,1000.0003
2025-10-26,1000.0003
2025-10-27,1000.0
2025-10-28,1000.0
2025-10-29,1000.0
2025-10-30,1000.0
2025-10-31,1000.0001
2025-11-02,1000.0
2025-11-03,1000.0
2025-11-04,1000.0004
2025-11-05,1000.0003
2025-11-06,1000.0002
2025-11-07,1000.0002
2025-11-09,1000.0002
2025-11-10,1000.0
2025-11-11,1000.0
2025-11-12,1000.0002
2025-11-13,1000.0001
2025-11-14,1000.0001
2025-11-16,1000.0001
2025-11-17,1000.0001
2025-11-18,1000.0
2025-11-19,1000.0
2025-11-20,1000.0
2025-11-21,1000.0001
2025-11-23,1000.0001
2025-11-24,1000.0
2025-11-25,1000.0
2025-11-26,1000.0002
2025-11-27,1000.0
2025-11-28,1000.0002
2025-11-30,1000.0001
2025-12-01,1000.0002
2025-12-02,1000.0001
2025-12-03,1000.0002
2025-12-04,1000.0
2025-12-05,1000.0001
2025-12-07,1000.0
2025-12-08,1000.0
2025-12-09,1000.0002
2025-12-10,1000.0002
2025-12-11,1000.0001
2025-12-12,1000.0003
2025-12-14,1000.0003
2025-12-15,1000.0
2025-12-16,1000.0
2025-12-17,1000.0
2025-12-18,1000.0
2025-12-19,1000.0
2025-12-21,1000.0001
2025-12-22,1000.0
2025-12-23,1000.0001
2025-12-24,1000.0
2025-12-25,1000.0
2025-12-26,1000.0
2025-12-28,1000.0
2025-12-29,1000.0
2025-12-30,1000.0
2025-12-31,1000.0
2026-01-01,1000.0009
2026-01-02,1000.0
2026-01-04,1000.0
2026-01-05,1000.0001
2026-01-06,1000.0004
2026-01-07,1000.0
2026-01-08,1000.0005
2026-01-09,1000.0003
2026-01-11,1000.0003
2026-01-12,1000.0
2026-01-13,1000.0001
2026-01-14,1000.0
2026-01-15,1000.0
2026-01-16,1000.0001
2026-01-18,1000.0
2026-01-19,1000.0
2026-01-20,1000.0
2026-01-21,1000.0
2026-01-22,1000.0003
2026-01-23,1000.0005
2026-01-24,1000.0004
2026-01-26,1000.0003
2026-01-27,1000.0004
2026-01-28,1000.0005
2026-01-29,1000.0005
2026-01-30,1000.0
2026-02-01,1000.0002
2026-02-02,1000.0005
2026-02-03,1000.0009
2026-02-04,1000.0032
2026-02-05,1000.0028
2026-02-06,1000.002
2026-02-08,1000.0021
2026-02-09,1000.0019
2026-02-10,1000.0017
2026-02-11,1000.0013
2026-02-12,1000.0012
2026-02-13,1000.0005
2026-02-15,1000.0004
2026-02-16,1000.0012
2026-02-17,1000.0014
2026-02-18,1000.0014
2026-02-19,1000.0013
2026-02-20,1000.001
2026-02-22,1000.0007
2026-02-23,1000.0
2026-02-24,1000.0
2026-02-25,1000.0
2026-02-26,1000.0
2026-02-27,1000.0
2026-03-01,1000.0
2026-03-02,1000.0
2026-03-03,1000.0
2026-03-04,1000.0
2026-03-05,1000.0
2026-03-06,1000.0
2026-03-08,1000.0
2026-03-09,1000.0
2026-03-10,1000.0
2026-03-11,1000.0
2026-03-12,1000.0
2026-03-13,1000.0
2026-03-15,1000.0
2026-03-16,1000.0
2026-03-17,1000.0
2026-03-18,1000.0
2026-03-19,1000.0
2026-03-20,1000.0
2026-03-21,1000.0
2026-03-22,1000.0
2026-03-23,1000.0
2026-03-24,1000.0
2026-03-25,1000.0
2026-03-26,1000.0
2026-03-27,1000.0
2026-03-29,1000.0
2026-03-30,1000.0
2026-03-31,1000.0
2026-04-01,1000.0
2026-04-02,1000.0025
2026-04-05,1000.0
2026-04-06,1000.0012
2026-04-07,1000.0015
2026-04-08,1000.0026
2026-04-09,1000.0022
2026-04-10,1000.0024
2026-04-12,1000.0008
2026-04-13,1000.0009
2026-04-14,1000.0007
2026-04-15,1000.0007
2026-04-16,1000.0007
2026-04-17,1000.0007
2026-04-19,1000.0005
2026-04-20,1000.0004
2026-04-21,1000.0003
2026-04-22,1000.0002
2026-04-23,1000.0
2026-04-24,1000.0
2026-04-26,1000.0
2026-04-27,1000.0
2026-04-28,1000.0
2026-04-29,1000.0
2026-04-30,1000.0
2026-05-01,1000.0
2026-05-03,1000.0
2026-05-04,1000.0
